1 2 19 20
3 2 19 20
1 2 118 118
17 17 17 17
1 2 2 1
1 2 3 3
3 2 3 3
1 2 2 2
3 2 2 1
69 70 85 86
107 17 17 17
67 68 83 84
19 3 17 19
2 20 20 17
7 17 3 7
17 8 8 2
10 17 9 10
17 25 25 26 
17 9 17 17 
26 17 17 17 
1 2 19 5 
1 2 5 20 
17 21 17 21 
21 17 21 17 
17 17 17 5 
17 17 5 17 
1 2 18 18 
17 17 18 18 
128 128 128 128 
128 128 23 24 
1 2 18 18 
1 2 85 86 
49 50 19 5 
49 50 5 20 
11 12 27 28 
27 28 27 28 
35 36 19 20 
35 36 53 54 
37 36 19 20 
37 36 53 54 
17 72 87 88 
73 17 89 90 
103 104 17 120 
105 106 121 17 
101 101 117 117 
51 52 51 52 
99 100 115 116 
1 2 53 54 
3 2 53 54 
17 17 102 102 
17 17 38 102 
17 17 102 71 
1 2 15 16 
1 2 13 14 
3 2 15 16 
3 2 13 14 
17 17 43 44 
17 17 41 42 
31 58 47 74 
29 30 45 30 
31 32 47 48 
65 66 19 20 
81 82 19 20 
97 98 19 20 
65 66 118 118 
81 82 118 118 
97 98 118 118 
17 46 17 17 
61 62 19 20 
57 62 19 20 
59 60 75 76 
63 64 79 80 
1 2 39 40 
17 17 55 56 
1 2 19 20 
3 2 19 20 
1 2 118 118 
1 2 2 1 
1 2 19 21 
1 2 18 18 
1 2 5 20 
1 2 85 86 
1 2 39 40 
1 2 108 108 
33 34 19 20 
3 2 39 40 
1 2 107 108 
3 2 107 108 
94 94 94 94 
3 2 39 107 
1 2 108 40 
1 2 19 20 
3 2 19 20 
1 2 118 118 
1 2 2 1 
3 2 39 107 
3 2 19 20 
1 2 118 118 
1 2 19 20 
1 2 118 118 
1 2 18 18 
2 2 96 96 
93 94 17 17 
1 2 91 92 
1 2 77 78 
93 94 93 94 
1 95 19 19 
95 2 19 20 
17 17 17 17 
33 34 19 20 
33 34 118 118 
96 96 96 96 
11 12 27 28 
1 2 19 20 
1 2 118 118 
55 56 17 17 
1 2 108 108 
107 107 107 107 
96 96 96 96
109 96 109 96
109 77 109 93 
78 96 94 96 
123 17 17 17 
17 124 17 17 
96 96 96 123 
96 96 124 96 
96 91 96 96 
91 92 96 96 
91 91 96 96 
96 96 102 102 
96 96 38 102 
96 96 102 71 
1 2 91 92 
3 2 91 92 
107 108 123 124 
17 17 17 17 
1 2 39 40 
55 56 17 17 
109 110 125 126 
111 6 96 22 
1 2 91 91 
3 2 126 91 
107 107 123 123 
111 107 127 123 
6 92 30 22 
6 92 30 93 
30 93 30 93 
22 17 17 17 
1 2 110 110 
123 123 22 22 
92 92 22 22 
108 109 124 125 
123 123 17 17 
61 62 107 108 
57 62 107 108 
17 123 123 3 
124 17 2 124 
1 2 77 78 
3 2 77 78 
93 94 91 92 
91 92 91 92 
1 2 107 108 
3 2 107 108 
17 123 17 17 
1 2 107 108 
3 2 107 108 
17 124 109 110 
17 17 109 124 
97 98 107 108 
1 2 2 1 
17 17 15 16 
17 17 13 14 
1 2 2 1 
1 2 93 93 
61 62 93 93 
125 125 94 94 
94 94 94 94 
94 94 94 94 
96 43 43 94 
44 96 94 44 
96 94 96 96 
94 96 96 96 
96 96 96 96 
96 96 96 96 
3 2 39 107 
3 2 108 40 
55 123 55 123 
124 56 124 56 
94 94 94 94 
3 2 39 107 
1 2 108 40 
65 66 39 107 
65 66 108 40 
55 123 55 123 
124 56 124 56 
128 128 128 128
128 128 109 109 
128 128 91 91 
128 128 92 92 
128 128 93 93 
109 109 125 125 
91 91 125 125 
92 92 125 125 
93 93 125 125 
125 125 125 125 
41 42 77 78 
125 125 125 22 
125 125 122 125 
125 118 125 125 
122 125 125 125 
118 118 118 118 
0 0 0 0 
1 2 2 1 
3 2 19 20 
96 96 96 96 
77 78 77 78 
1 2 18 18 
3 2 18 18 
96 96 96 96 
65 66 96 96 
96 96 96 96 
125 125 125 125 
41 42 77 78 
77 78 77 78 
81 82 19 20 
91 91 91 91 
91 91 91 92 
91 92 91 92 
57 62 57 62 
93 94 113 114 
109 110 123 124 
107 108 125 126 
17 17 113 119 
17 17 119 119 
17 17 119 114 
125 126 125 126 
125 126 125 126 
17 46 17 17 
122 122 122 122 
122 122 122 122 
122 122 122 122 
122 122 122 122 
122 122 122 122 
122 122 122 122 
122 122 122 122 
122 122 122 122 
122 122 122 122 
122 122 122 122 
122 122 122 122 
122 122 122 122 
122 122 122 122 
122 122 122 122 
122 122 122 122 
122 122 122 122 
122 122 122 122 
0 1 0 1 
